c=[1;1;1;1;1;1;1;1;1;1;1;1]
int=[1:12]
A=[-1,0,1,1,1,0,0,0,0,0,0,0;
0,-1,0,0,0,1,1,0,0,0,0,0;
0,0,0,-1,0,0,0,1,0,1,0,0;
0,0,0,0,-1,-1,0,-1,1,0,1,0;
0,0,0,0,0,0,-1,0,-1,0,0,1]
b=[0;0;0;0;0]
lb=zeros(12,1)
ub=[100;100;30;80;60;40;50;30;20;70;100;80]
Aeq=[-1,-1,0,0,0,0,0,0,0,1,1,1]
beq=[0]
[x,z]=intlinprog(-c,int,A,b,Aeq,beq,lb,ub)
z=-z
x
z